0 0.9378595762313846 0.36976774543777857 0.05718750662342202 0.05050979948690974
0 0.8081795107149553 0.41131685296097287 0.054680065516429364 0.04576774810013902
0 0.7157638322218343 0.4380955988769103 0.045895342558271324 0.0400989763486459
0 0.5823412078123976 0.4748662874221532 0.044250997004775174 0.03771885875746541
0 0.6414805948357061 0.4606050720914242 0.04430556070710594 0.03928135875746541
0 0.7599776236916467 0.42583264142996596 0.049020342558271326 0.04017171153100705
0 0.3748461663425853 0.4833288315907295 0.047021332939624474 0.027635343939826383
0 0.07523803594269865 0.44273432028847226 0.054997524046617105 0.03250468189572917
0 0.27668148485423955 0.4732251733463544 0.04855655108845909 0.02689046153100705
0 0.01079362314349246 0.4261994772985764 0.02158724628698492 0.03052395459715278
0 0.1693054944728864 0.45821580955489605 0.025845737386128276 0.024800631458888844
0 0.09472467904127499 0.17578320963114594 0.05284474700477513 0.03791888050895835