0 0.9462047750842597 0.6689260616818068 0.05575509631100815 0.05018696063273716
0 0.8183388503180286 0.6221583814878788 0.05338407523376887 0.04545855032431163
0 0.7271007719610016 0.5916566294592839 0.04475850897699054 0.03983979586008459
0 0.5953013261175318 0.5495082654179801 0.043182373438370905 0.03746877232113448
0 0.6538041725267357 0.5661560231286179 0.043191463797450605 0.03903127232113448
0 0.7707735039088248 0.6057015385498935 0.04788350897699054 0.03989434293798535
0 0.3883473441697086 0.5326132715070602 0.04624828610435348 0.02736706939903506
0 0.08737065144949685 0.5609568652591197 0.054088057181592354 0.03219093709378669
0 0.28986439237431055 0.5387075385531888 0.04780624092481371 0.02661309293798535
0 0.01634157572474843 0.5745323956979289 0.03268315144949686 0.03031479139585791
0 0.18197916950167362 0.5493256643656153 0.025140900565734103 0.024655126623205348
0 0.09597245004688222 0.828321643262297 0.051776123438371034 0.037618776785361165