0 0.95 0.65234375 0.05546875 0.04921875
0 0.821875 0.6078125 0.053125 0.04453125
0 0.73046875 0.57890625 0.04453125 0.0390625
0 0.5984375 0.5390625 0.04296875 0.03671875
0 0.65703125 0.5546875 0.04296875 0.03828125
0 0.77421875 0.5921875 0.04765625 0.0390625
0 0.39140625 0.52578125 0.04609375 0.0265625
0 0.090625 0.559375 0.05390625 0.03125
0 0.29296875 0.53359375 0.04765625 0.02578125
0 0.01796875 0.57421875 0.0359375 0.0296875
0 0.18515625 0.54609375 0.025 0.02421875
0 0.10078125 0.8265625 0.0515625 0.03671875