0 0.06138670251176694 0.6508888985880742 0.056327866476935703 0.050832725785105205
0 0.18873440665168223 0.6026295918450144 0.05390229586008468 0.04607702962517113
0 0.27963609618110097 0.5710636916075875 0.04521308847375849 0.040358227038746364
0 0.4109718709378673 0.527378224597971 0.04360967816533297 0.037969012932123646
0 0.3526508563273707 0.5447081285963215 0.04363695170428335 0.03953151293212365
0 0.23611792126217884 0.5856179365930225 0.04833808847375849 0.040449155251991796
0 0.6177712958567894 0.5080729804704657 0.046557400162155815 0.02790369114536908
0 0.9191389269442217 0.5329148899455995 0.05445172077900686 0.03281851167848249
0 0.7163451635515411 0.5130212417532368 0.04810626339268058 0.027167905251991798
0 0.9869132134721109 0.5456445589876449 0.02617357305577812 0.030733174452321776
0 0.8243758518631438 0.5223842183962718 0.02542273985373029 0.024946175705962758
0 0.9136464521047298 0.8003979066386471 0.052203428165332966 0.038219065518548236