0 0.9580917890376739 0.3752984268265901 0.05661432912218771 0.050832725785105115
0 0.8310032653863196 0.4161016200835303 0.05416147634864572 0.04607702962517113
0 0.7402698158231601 0.4423482198461034 0.04544043977951375 0.040358227038746364
0 0.6091659393982642 0.47835025283648686 0.043823388392743114 0.037969012932123646
0 0.6673960134864587 0.46443015683483735 0.043859755983923596 0.03953151293212365
0 0.7837106912981253 0.4303399648315385 0.048565439779513754 0.040449155251991796
0 0.402443813923299 0.4856075087089816 0.04671199905006951 0.02790369114536908
0 0.10088066071291704 0.44326191818411553 0.05463360182361114 0.03281851167848249
0 0.3038244759673962 0.47493076999175265 0.048256315254479175 0.027167905251991798
0 0.027878918596701746 0.42630408722616087 0.03662848423243058 0.030733174452321776
0 0.19572103523795176 0.45929374663478767 0.025563697663298645 0.024946175705962758
0 0.10481805262104182 0.17636993487716293 0.05241713839274311 0.0382190655185485