0 0.9462047750842597 0.6633980007956304 0.05575509631100815 0.049864187340863356
0 0.8183388503180286 0.617375881444904 0.05338407523376887 0.045149415340545215
0 0.7271007719610016 0.5874060234324954 0.04475850897699054 0.039580668006045275
0 0.5953013261175318 0.5460259507479053 0.043182373438370905 0.03721873667249973
0 0.6538041725267357 0.5623327507558595 0.043191463797450605 0.03878123667249973
0 0.7707735039088248 0.6011963507717679 0.04788350897699054 0.039617030673136
0 0.3883473441697086 0.530335674053134 0.04624828610435348 0.027098849339590635
0 0.08737065144949685 0.5604295173456358 0.054088057181592354 0.03187725600731781
0 0.28986439237431055 0.5370027500397709 0.04780624092481371 0.026335780673136
0 0.01634157572474843 0.5744278353357727 0.03268315144949686 0.030105670671545327
0 0.18197916950167362 0.5482482380251352 0.025140900565734103 0.024509651336727067
0 0.09597245004688222 0.8277351960136812 0.051776123438371034 0.03731873400699968