0 0.9601157637235465 0.36976774543777857 0.05690086935861451 0.05050979948690974
0 0.833286490762293 0.41131685296097287 0.054420727038746716 0.04576774810013902
0 0.7427213267348126 0.4380955988769103 0.045667852665567034 0.0400989763486459
0 0.611849411453691 0.4748662874221532 0.044037156505633133 0.03771885875746541
0 0.6699885203874641 0.4606050720914242 0.04408262061225585 0.03928135875746541
0 0.7860848818285198 0.42583264142996596 0.04879285266556703 0.04017171153100705
0 0.40520460635998373 0.4833288315907295 0.04686663981258565 0.027635343939826383
0 0.10344587806759606 0.44273432028847226 0.054815532132453625 0.03250468189572917
0 0.3065397858268703 0.4732251733463544 0.048406407759274205 0.02689046153100705
0 0.030357719054680606 0.4261994772985764 0.03680131802583094 0.03052395459715278
0 0.19836357297388885 0.45821580955489605 0.02570469365265158 0.024800631458888844
0 0.10582776583511762 0.17578320963114594 0.052630906505633 0.03791888050895835