0 0.95 0.35318318832040757 0.05546875 0.04954145774732641
0 0.821875 0.3969690288758789 0.053125 0.04484032220870695
0 0.73046875 0.4253434928697213 0.04453125 0.03932157523376904
0 0.5984375 0.4644191075274936 0.04296875 0.036968734874689525
0 0.65703125 0.44913499599297924 0.04296875 0.038531234874689346
0 0.77421875 0.4123167729239506 0.04765625 0.03933975595192844
0 0.39140625 0.4764958849494443 0.04609375 0.026830665592848746
0 0.090625 0.4411522408266178 0.05390625 0.031563617388246715
0 0.29296875 0.46811069232742836 0.04765625 0.026058505951928268
0 0.01796875 0.42588578912941555 0.0359375 0.02989657825883114
0 0.18515625 0.4549834575509347 0.025 0.024364195745273775
0 0.10078125 0.17402382816063536 0.0515625 0.03701873184962738