0 0.03101873548503063 0.6532165032464109 0.05690086935861446 0.05018696063273716
0 0.16043946252377705 0.6109216834403387 0.05442072703874645 0.04545855032431163
0 0.25268679849629666 0.5836109354689336 0.045667852665567034 0.03983979586008459
0 0.38587738321517506 0.5460717995102373 0.04403715650563296 0.037468772321134304
0 0.3268289921489482 0.5606740417995997 0.04408262061225567 0.039031272321134305
0 0.20855035359000387 0.596128526378324 0.04879285266556703 0.03989434293798553
0 0.5932950781214679 0.5364042934211575 0.04686663981258547 0.02736706939903506
0 0.8930988498290802 0.5752481996690978 0.054815532132453625 0.03219093709378669
0 0.6915052575883545 0.5459350263750288 0.048406407759274114 0.026613092937985527
0 0.9653231908161647 0.5913601692302887 0.036801318025830906 0.03031479139585791
0 0.798954044735373 0.5603169005626023 0.02570469365265158 0.024655126623205348
0 0.8751682375966017 0.8422584216659207 0.05263090650563314 0.037618776785361165