0 0.9462047750842597 0.6578706883204075 0.05575509631100815 0.04954145774732641
0 0.8183388503180286 0.6125940288758789 0.05338407523376887 0.04484032220870695
0 0.7271007719610016 0.5831559928697213 0.04475850897699054 0.03932157523376904
0 0.5953013261175318 0.5425441075274936 0.043182373438370905 0.036968734874689525
0 0.6538041725267357 0.5585099959929792 0.043191463797450605 0.038531234874689346
0 0.7707735039088248 0.5966917729239507 0.04788350897699054 0.03933975595192827
0 0.3883473441697086 0.5280583849494442 0.04624828610435348 0.026830665592848746
0 0.08737065144949685 0.5599022408266178 0.054088057181592354 0.031563617388246715
0 0.28986439237431055 0.5352981923274284 0.04780624092481371 0.026058505951928268
0 0.01634157572474843 0.5743232891294155 0.03268315144949686 0.02989657825883114
0 0.18197916950167362 0.5471709575509347 0.025140900565734103 0.024364195745273775
0 0.09597245004688222 0.8271488281606354 0.051776123438371034 0.03701873184962743